Linux 6.8.0-117-generic (2c4488193151) 	06/12/26 	_aarch64_	(2 CPU)

14:50:22        CPU      %usr     %nice      %sys   %iowait    %steal      %irq     %soft    %guest    %gnice     %idle
14:50:27        all      0.10      0.00      0.20      0.00      0.00      0.00      0.00      0.00      0.00     99.70
14:50:27          0      0.00      0.00      0.20      0.00      0.00      0.00      0.00      0.00      0.00     99.80
14:50:27          1      0.20      0.00      0.20      0.00      0.00      0.00      0.00      0.00      0.00     99.60
14:50:32        all      0.00      0.00      0.20      0.10      0.00      0.00      0.00      0.00      0.00     99.70
14:50:32          0      0.00      0.00      0.20      0.00      0.00      0.00      0.00      0.00      0.00     99.80
14:50:32          1      0.00      0.00      0.20      0.20      0.00      0.00      0.00      0.00      0.00     99.60
14:50:37        all      0.20      0.00      0.30      0.00      0.00      0.00      0.00      0.00      0.00     99.50
14:50:37          0      0.20      0.00      0.20      0.00      0.00      0.00      0.00      0.00      0.00     99.60
14:50:37          1      0.20      0.00      0.40      0.00      0.00      0.00      0.00      0.00      0.00     99.40
14:50:42        all      0.00      0.00      0.30      0.00      0.00      0.00      0.00      0.00      0.00     99.70
14:50:42          0      0.00      0.00      0.40      0.00      0.00      0.00      0.00      0.00      0.00     99.60
14:50:42          1      0.00      0.00      0.20      0.00      0.00      0.00      0.00      0.00      0.00     99.80
14:50:47        all      0.10      0.00      0.40      0.30      0.00      0.00      0.00      0.00      0.00     99.20
14:50:47          0      0.20      0.00      0.40      0.40      0.00      0.00      0.00      0.00      0.00     99.00
14:50:47          1      0.00      0.00      0.40      0.20      0.00      0.00      0.00      0.00      0.00     99.40
14:50:52        all      0.00      0.00      0.60      0.20      0.00      0.00      0.10      0.00      0.00     99.10
14:50:52          0      0.00      0.00      0.80      0.40      0.00      0.00      0.20      0.00      0.00     98.60
14:50:52          1      0.00      0.00      0.40      0.00      0.00      0.00      0.00      0.00      0.00     99.60
Average:        all      0.07      0.00      0.33      0.10      0.00      0.00      0.02      0.00      0.00     99.48
Average:          0      0.07      0.00      0.37      0.13      0.00      0.00      0.03      0.00      0.00     99.40
Average:          1      0.07      0.00      0.30      0.07      0.00      0.00      0.00      0.00      0.00     99.57

14:50:22       proc/s   cswch/s
14:50:27         3.00    304.00
14:50:32         2.20    522.80
14:50:37         2.20    597.80
14:50:42         2.20    620.96
14:50:47         2.20    628.40
14:50:52         2.20    714.40
Average:         2.33    564.75

14:50:22         INTR    intr/s
14:50:27          sum    152.80
14:50:27            0      0.00
14:50:27            1     14.80
14:50:27            2     34.40
14:50:27            3      0.00
14:50:27            4      0.00
14:50:27            5      0.00
14:50:27            6      0.00
14:50:27            7      0.00
14:50:27            8      0.00
14:50:27            9      0.00
14:50:27           10     57.40
14:50:27           11      0.00
14:50:27           12      0.00
14:50:27           13      0.00
14:50:27           14      0.00
14:50:27           15      0.00
14:50:27           16      0.00
14:50:27           17      0.00
14:50:27           18      0.00
14:50:27           19      0.00
14:50:27           20      0.00
14:50:27           21      0.00
14:50:27           22      0.00
14:50:27           23      0.00
14:50:27           24      0.00
14:50:27           25      0.00
14:50:27           26      0.00
14:50:27           27      0.00
14:50:27           28      0.00
14:50:27           29      0.00
14:50:27           30      0.00
14:50:27           31      0.00
14:50:27           32      1.80
14:50:27           33      0.00
14:50:27           34      0.00
14:50:27           35      0.00
14:50:27           36      1.00
14:50:27           37      1.00
14:50:27           38      0.00
14:50:27           39      0.00
14:50:27           40      0.00
14:50:27           41      0.00
14:50:27           42      0.40
14:50:27           43      0.60
14:50:27           44      0.00
14:50:27           45      0.00
14:50:27           46      0.00
14:50:27           47     41.40
14:50:27           48      0.00
14:50:27           49      0.00
14:50:27           50      0.00
14:50:27           51      0.00
14:50:27           52      0.00
14:50:27           53      0.00
14:50:27           54      0.00
14:50:27           55      0.00
14:50:27           56      0.00
14:50:27           57      0.00
14:50:27           58      0.00
14:50:27           59      0.00
14:50:27           60      0.00
14:50:27           61      0.00
14:50:27           62      0.00
14:50:27           63      0.00
14:50:32          sum    250.00
14:50:32            0      0.00
14:50:32            1      9.40
14:50:32            2     85.60
14:50:32            3      0.00
14:50:32            4      0.00
14:50:32            5      0.00
14:50:32            6      0.00
14:50:32            7      0.00
14:50:32            8      0.00
14:50:32            9      0.00
14:50:32           10     49.80
14:50:32           11      0.00
14:50:32           12      0.00
14:50:32           13      0.00
14:50:32           14      0.00
14:50:32           15      0.00
14:50:32           16      0.00
14:50:32           17      0.00
14:50:32           18      0.00
14:50:32           19      0.00
14:50:32           20      0.00
14:50:32           21      0.00
14:50:32           22      0.00
14:50:32           23      0.00
14:50:32           24      0.00
14:50:32           25      0.00
14:50:32           26      0.00
14:50:32           27      0.00
14:50:32           28      0.00
14:50:32           29      0.00
14:50:32           30      0.00
14:50:32           31      0.00
14:50:32           32      1.20
14:50:32           33      0.00
14:50:32           34      0.00
14:50:32           35      0.00
14:50:32           36      0.00
14:50:32           37      0.00
14:50:32           38      0.00
14:50:32           39      0.00
14:50:32           40      0.00
14:50:32           41      0.00
14:50:32           42      0.00
14:50:32           43      0.00
14:50:32           44      0.00
14:50:32           45      0.00
14:50:32           46      0.00
14:50:32           47    104.00
14:50:32           48      0.00
14:50:32           49      0.00
14:50:32           50      0.00
14:50:32           51      0.00
14:50:32           52      0.00
14:50:32           53      0.00
14:50:32           54      0.00
14:50:32           55      0.00
14:50:32           56      0.00
14:50:32           57      0.00
14:50:32           58      0.00
14:50:32           59      0.00
14:50:32           60      0.00
14:50:32           61      0.00
14:50:32           62      0.00
14:50:32           63      0.00
14:50:37          sum    294.00
14:50:37            0      0.00
14:50:37            1      6.40
14:50:37            2    117.80
14:50:37            3      0.00
14:50:37            4      0.00
14:50:37            5      0.00
14:50:37            6      0.00
14:50:37            7      0.00
14:50:37            8      0.00
14:50:37            9      0.00
14:50:37           10     46.20
14:50:37           11      0.00
14:50:37           12      0.00
14:50:37           13      0.00
14:50:37           14      0.00
14:50:37           15      0.00
14:50:37           16      0.00
14:50:37           17      0.00
14:50:37           18      0.00
14:50:37           19      0.00
14:50:37           20      0.00
14:50:37           21      0.00
14:50:37           22      0.00
14:50:37           23      0.00
14:50:37           24      0.00
14:50:37           25      0.00
14:50:37           26      0.00
14:50:37           27      0.00
14:50:37           28      0.00
14:50:37           29      0.00
14:50:37           30      0.00
14:50:37           31      0.00
14:50:37           32      0.00
14:50:37           33      0.00
14:50:37           34      0.00
14:50:37           35      0.00
14:50:37           36      0.00
14:50:37           37      0.00
14:50:37           38      0.00
14:50:37           39      0.00
14:50:37           40      0.00
14:50:37           41      0.00
14:50:37           42      0.40
14:50:37           43      0.80
14:50:37           44      0.00
14:50:37           45      0.00
14:50:37           46      0.00
14:50:37           47    122.40
14:50:37           48      0.00
14:50:37           49      0.00
14:50:37           50      0.00
14:50:37           51      0.00
14:50:37           52      0.00
14:50:37           53      0.00
14:50:37           54      0.00
14:50:37           55      0.00
14:50:37           56      0.00
14:50:37           57      0.00
14:50:37           58      0.00
14:50:37           59      0.00
14:50:37           60      0.00
14:50:37           61      0.00
14:50:37           62      0.00
14:50:37           63      0.00
14:50:42          sum    319.96
14:50:42            0      0.00
14:50:42            1      6.39
14:50:42            2    121.76
14:50:42            3      0.00
14:50:42            4      0.00
14:50:42            5      0.00
14:50:42            6      0.00
14:50:42            7      0.00
14:50:42            8      0.00
14:50:42            9      0.00
14:50:42           10     62.48
14:50:42           11      0.00
14:50:42           12      0.00
14:50:42           13      0.00
14:50:42           14      0.00
14:50:42           15      0.00
14:50:42           16      0.00
14:50:42           17      0.00
14:50:42           18      0.00
14:50:42           19      0.00
14:50:42           20      0.00
14:50:42           21      0.00
14:50:42           22      0.00
14:50:42           23      0.00
14:50:42           24      0.00
14:50:42           25      0.00
14:50:42           26      0.00
14:50:42           27      0.00
14:50:42           28      0.00
14:50:42           29      0.00
14:50:42           30      1.00
14:50:42           31      0.00
14:50:42           32      2.99
14:50:42           33      0.00
14:50:42           34      0.00
14:50:42           35      0.00
14:50:42           36      0.60
14:50:42           37      0.60
14:50:42           38      0.00
14:50:42           39      0.00
14:50:42           40      0.00
14:50:42           41      0.00
14:50:42           42      0.00
14:50:42           43      0.00
14:50:42           44      0.00
14:50:42           45      0.00
14:50:42           46      0.00
14:50:42           47    124.15
14:50:42           48      0.00
14:50:42           49      0.00
14:50:42           50      0.00
14:50:42           51      0.00
14:50:42           52      0.00
14:50:42           53      0.00
14:50:42           54      0.00
14:50:42           55      0.00
14:50:42           56      0.00
14:50:42           57      0.00
14:50:42           58      0.00
14:50:42           59      0.00
14:50:42           60      0.00
14:50:42           61      0.00
14:50:42           62      0.00
14:50:42           63      0.00
14:50:47          sum    321.20
14:50:47            0      0.00
14:50:47            1      5.40
14:50:47            2    129.00
14:50:47            3      0.00
14:50:47            4      0.00
14:50:47            5      0.00
14:50:47            6      0.00
14:50:47            7      0.00
14:50:47            8      0.00
14:50:47            9      0.00
14:50:47           10     56.40
14:50:47           11      0.00
14:50:47           12      0.00
14:50:47           13      0.00
14:50:47           14      0.00
14:50:47           15      0.00
14:50:47           16      0.00
14:50:47           17      0.00
14:50:47           18      0.00
14:50:47           19      0.00
14:50:47           20      0.00
14:50:47           21      0.00
14:50:47           22      0.00
14:50:47           23      0.00
14:50:47           24      0.00
14:50:47           25      0.00
14:50:47           26      0.00
14:50:47           27      0.00
14:50:47           28      0.00
14:50:47           29      0.00
14:50:47           30      0.00
14:50:47           31      0.00
14:50:47           32      5.00
14:50:47           33      0.00
14:50:47           34      0.00
14:50:47           35      0.00
14:50:47           36      0.00
14:50:47           37      0.00
14:50:47           38      0.00
14:50:47           39      0.00
14:50:47           40      0.00
14:50:47           41      0.00
14:50:47           42      0.40
14:50:47           43      0.80
14:50:47           44      0.00
14:50:47           45      0.00
14:50:47           46      0.00
14:50:47           47    124.20
14:50:47           48      0.00
14:50:47           49      0.00
14:50:47           50      0.00
14:50:47           51      0.00
14:50:47           52      0.00
14:50:47           53      0.00
14:50:47           54      0.00
14:50:47           55      0.00
14:50:47           56      0.00
14:50:47           57      0.00
14:50:47           58      0.00
14:50:47           59      0.00
14:50:47           60      0.00
14:50:47           61      0.00
14:50:47           62      0.00
14:50:47           63      0.00
14:50:52          sum    412.60
14:50:52            0      0.00
14:50:52            1      8.00
14:50:52            2    158.80
14:50:52            3      0.00
14:50:52            4      0.00
14:50:52            5      0.00
14:50:52            6      0.00
14:50:52            7      0.00
14:50:52            8      0.00
14:50:52            9      0.00
14:50:52           10     63.60
14:50:52           11      0.00
14:50:52           12      0.00
14:50:52           13      0.00
14:50:52           14      0.00
14:50:52           15      0.00
14:50:52           16      0.00
14:50:52           17      0.00
14:50:52           18      0.00
14:50:52           19      0.00
14:50:52           20      0.00
14:50:52           21      0.00
14:50:52           22      0.00
14:50:52           23      0.00
14:50:52           24      0.00
14:50:52           25      0.00
14:50:52           26      0.00
14:50:52           27      0.00
14:50:52           28      0.00
14:50:52           29      0.00
14:50:52           30      0.40
14:50:52           31      0.00
14:50:52           32     50.40
14:50:52           33      0.00
14:50:52           34      0.00
14:50:52           35      0.00
14:50:52           36      0.00
14:50:52           37      0.00
14:50:52           38      0.00
14:50:52           39      0.00
14:50:52           40      0.00
14:50:52           41      0.00
14:50:52           42      0.00
14:50:52           43      0.00
14:50:52           44      0.00
14:50:52           45      0.00
14:50:52           46      0.00
14:50:52           47    131.40
14:50:52           48      0.00
14:50:52           49      0.00
14:50:52           50      0.00
14:50:52           51      0.00
14:50:52           52      0.00
14:50:52           53      0.00
14:50:52           54      0.00
14:50:52           55      0.00
14:50:52           56      0.00
14:50:52           57      0.00
14:50:52           58      0.00
14:50:52           59      0.00
14:50:52           60      0.00
14:50:52           61      0.00
14:50:52           62      0.00
14:50:52           63      0.00
Average:          sum    291.77
Average:            0      0.00
Average:            1      8.40
Average:            2    107.90
Average:            3      0.00
Average:            4      0.00
Average:            5      0.00
Average:            6      0.00
Average:            7      0.00
Average:            8      0.00
Average:            9      0.00
Average:           10     55.98
Average:           11      0.00
Average:           12      0.00
Average:           13      0.00
Average:           14      0.00
Average:           15      0.00
Average:           16      0.00
Average:           17      0.00
Average:           18      0.00
Average:           19      0.00
Average:           20      0.00
Average:           21      0.00
Average:           22      0.00
Average:           23      0.00
Average:           24      0.00
Average:           25      0.00
Average:           26      0.00
Average:           27      0.00
Average:           28      0.00
Average:           29      0.00
Average:           30      0.23
Average:           31      0.00
Average:           32     10.23
Average:           33      0.00
Average:           34      0.00
Average:           35      0.00
Average:           36      0.27
Average:           37      0.27
Average:           38      0.00
Average:           39      0.00
Average:           40      0.00
Average:           41      0.00
Average:           42      0.20
Average:           43      0.37
Average:           44      0.00
Average:           45      0.00
Average:           46      0.00
Average:           47    107.93
Average:           48      0.00
Average:           49      0.00
Average:           50      0.00
Average:           51      0.00
Average:           52      0.00
Average:           53      0.00
Average:           54      0.00
Average:           55      0.00
Average:           56      0.00
Average:           57      0.00
Average:           58      0.00
Average:           59      0.00
Average:           60      0.00
Average:           61      0.00
Average:           62      0.00
Average:           63      0.00

14:50:22     pswpin/s pswpout/s
14:50:27         0.00      0.00
14:50:32         0.00      0.00
14:50:37         0.00      0.00
14:50:42         0.00      0.00
14:50:47         0.00      0.00
14:50:52         0.00      0.00
Average:         0.00      0.00

14:50:22     pgpgin/s pgpgout/s   fault/s  majflt/s  pgfree/s pgscank/s pgscand/s pgsteal/s    %vmeff
14:50:27         0.00   1055.20    574.60      0.00    293.60      0.00      0.00      0.00      0.00
14:50:32         0.00     11.20    355.80      0.00    174.00      0.00      0.00      0.00      0.00
14:50:37         0.00      0.00    357.60      0.00    180.20      0.00      0.00      0.00      0.00
14:50:42         0.00   5453.89    368.06      0.00    193.01      0.00      0.00      0.00      0.00
14:50:47         0.00   9281.60    359.60      0.00    734.20      0.00      0.00      0.00      0.00
14:50:52         0.00  27831.20    356.40      0.00    443.80      0.00      0.00      0.00      0.00
Average:         0.00   7271.58    395.33      0.00    336.42      0.00      0.00      0.00      0.00

14:50:22          tps      rtps      wtps      dtps   bread/s   bwrtn/s   bdscd/s
14:50:27         3.40      0.00      3.40      0.00      0.00   2110.40      0.00
14:50:32         0.60      0.00      0.60      0.00      0.00     22.40      0.00
14:50:37         0.00      0.00      0.00      0.00      0.00      0.00      0.00
14:50:42         6.59      0.00      6.39      0.20      0.00  10907.78     19.16
14:50:47         9.80      0.00      9.80      0.00      0.00  18563.20      0.00
14:50:52        76.20      0.00     76.20      0.00      0.00  55662.40      0.00
Average:        16.09      0.00     16.06      0.03      0.00  14543.15      3.20

14:50:22    kbmemfree   kbavail kbmemused  %memused kbbuffers  kbcached  kbcommit   %commit  kbactive   kbinact   kbdirty  kbanonpg    kbslab  kbkstack   kbpgtbl  kbvmused
14:50:27      2830552   3572884    223320      5.59     82516    763112    571824     14.30    427896    510692    244216     92976     98920      2464      3160      7780
14:50:32      2866236   3608560    187640      4.69     82524    763120    571956     14.30    427964    510708    244260     93072     98900      2464      3172      7796
14:50:37      2885284   3627620    168580      4.22     82524    763132    571956     14.30    428048    510720    244260     93140     98900      2464      3164      7792
14:50:42      2902984   3645324    150864      3.77     82536    763136    571956     14.30    428080    510724    217028     93204     98900      2464      3164      7792
14:50:47      2914728   3657072    139160      3.48     82544    763152    571956     14.30    417680    510760    170664     82776     98836      2464      3164      7780
14:50:52      2928684   3671036    125176      3.13     82552    763152    571588     14.30    416312    510768     31556     81376     98856      2464      3164      7776
Average:      2888078   3630416    165790      4.15     82533    763134    571873     14.30    424330    510729    191997     89424     98885      2464      3165      7786

14:50:22    kbswpfree kbswpused  %swpused  kbswpcad   %swpcad
14:50:27            0         0      0.00         0      0.00
14:50:32            0         0      0.00         0      0.00
14:50:37            0         0      0.00         0      0.00
14:50:42            0         0      0.00         0      0.00
14:50:47            0         0      0.00         0      0.00
14:50:52            0         0      0.00         0      0.00
Average:            0         0      0.00         0      0.00

14:50:22    kbhugfree kbhugused  %hugused kbhugrsvd kbhugsurp
14:50:27            0         0      0.00         0         0
14:50:32            0         0      0.00         0         0
14:50:37            0         0      0.00         0         0
14:50:42            0         0      0.00         0         0
14:50:47            0         0      0.00         0         0
14:50:52            0         0      0.00         0         0
Average:            0         0      0.00         0         0

14:50:22    dentunusd   file-nr  inode-nr    pty-nr
14:50:27        35474       736     30043         0
14:50:32        35474       736     30043         0
14:50:37        35474       736     30043         0
14:50:42        35474       736     30041         0
14:50:47        35474       736     30041         0
14:50:52        35474       736     30041         0
Average:        35474       736     30042         0

14:50:22      runq-sz  plist-sz   ldavg-1   ldavg-5  ldavg-15   blocked
14:50:27            1       153      0.15      0.06      0.01         0
14:50:32            3       153      0.14      0.05      0.01         0
14:50:37            1       153      0.12      0.05      0.01         0
14:50:42            2       153      0.11      0.05      0.01         0
14:50:47            3       153      0.10      0.05      0.01         0
14:50:52            4       153      0.10      0.05      0.01         0
Average:            2       153      0.12      0.05      0.01         0

14:50:22          DEV       tps     rkB/s     wkB/s     dkB/s   areq-sz    aqu-sz     await     %util
14:50:27          vda      0.00      0.00      0.00      0.00      0.00      0.00      0.00      0.00
14:50:27         vda1      0.00      0.00      0.00      0.00      0.00      0.00      0.00      0.00
14:50:27        vda15      0.00      0.00      0.00      0.00      0.00      0.00      0.00      0.00
14:50:27        vda16      0.00      0.00      0.00      0.00      0.00      0.00      0.00      0.00
14:50:27          vdb      3.40      0.00   1055.20      0.00    310.35      0.00      1.41      0.08
14:50:27         vdb1      3.40      0.00   1055.20      0.00    310.35      0.00      1.35      0.10
14:50:27          vdc      0.00      0.00      0.00      0.00      0.00      0.00      0.00      0.00
14:50:32          vda      0.00      0.00      0.00      0.00      0.00      0.00      0.00      0.00
14:50:32         vda1      0.00      0.00      0.00      0.00      0.00      0.00      0.00      0.00
14:50:32        vda15      0.00      0.00      0.00      0.00      0.00      0.00      0.00      0.00
14:50:32        vda16      0.00      0.00      0.00      0.00      0.00      0.00      0.00      0.00
14:50:32          vdb      0.60      0.00     11.20      0.00     18.67      0.00      2.67      0.16
14:50:32         vdb1      0.60      0.00     11.20      0.00     18.67      0.00      3.00      0.16
14:50:32          vdc      0.00      0.00      0.00      0.00      0.00      0.00      0.00      0.00
14:50:37          vda      0.00      0.00      0.00      0.00      0.00      0.00      0.00      0.00
14:50:37         vda1      0.00      0.00      0.00      0.00      0.00      0.00      0.00      0.00
14:50:37        vda15      0.00      0.00      0.00      0.00      0.00      0.00      0.00      0.00
14:50:37        vda16      0.00      0.00      0.00      0.00      0.00      0.00      0.00      0.00
14:50:37          vdb      0.00      0.00      0.00      0.00      0.00      0.00      0.00      0.00
14:50:37         vdb1      0.00      0.00      0.00      0.00      0.00      0.00      0.00      0.00
14:50:37          vdc      0.00      0.00      0.00      0.00      0.00      0.00      0.00      0.00
14:50:42          vda      0.60      0.00     10.38      9.58     33.33      0.00      0.33      0.00
14:50:42         vda1      0.60      0.00     10.38      9.58     33.33      0.00      0.33      0.00
14:50:42        vda15      0.00      0.00      0.00      0.00      0.00      0.00      0.00      0.00
14:50:42        vda16      0.00      0.00      0.00      0.00      0.00      0.00      0.00      0.00
14:50:42          vdb      5.99      0.00   5443.51      0.00    909.07      0.01      1.27      0.10
14:50:42         vdb1      5.99      0.00   5443.51      0.00    909.07      0.01      1.23      0.18
14:50:42          vdc      0.00      0.00      0.00      0.00      0.00      0.00      0.00      0.00
14:50:47          vda      0.00      0.00      0.00      0.00      0.00      0.00      0.00      0.00
14:50:47         vda1      0.00      0.00      0.00      0.00      0.00      0.00      0.00      0.00
14:50:47        vda15      0.00      0.00      0.00      0.00      0.00      0.00      0.00      0.00
14:50:47        vda16      0.00      0.00      0.00      0.00      0.00      0.00      0.00      0.00
14:50:47          vdb      9.80      0.00   9281.60      0.00    947.10      0.03      2.69      0.38
14:50:47         vdb1      9.80      0.00   9281.60      0.00    947.10      0.03      2.71      0.44
14:50:47          vdc      0.00      0.00      0.00      0.00      0.00      0.00      0.00      0.00
14:50:52          vda      1.80      0.00      8.00      0.00      4.44      0.00      1.78      0.06
14:50:52         vda1      1.80      0.00      8.00      0.00      4.44      0.00      1.78      0.06
14:50:52        vda15      0.00      0.00      0.00      0.00      0.00      0.00      0.00      0.00
14:50:52        vda16      0.00      0.00      0.00      0.00      0.00      0.00      0.00      0.00
14:50:52          vdb     74.40      0.00  27823.20      0.00    373.97      0.05      0.58      0.68
14:50:52         vdb1     74.40      0.00  27823.20      0.00    373.97      0.04      0.57      0.94
14:50:52          vdc      0.00      0.00      0.00      0.00      0.00      0.00      0.00      0.00
Average:          vda      0.40      0.00      3.07      1.60     11.67      0.00      1.42      0.01
Average:         vda1      0.40      0.00      3.07      1.60     11.67      0.00      1.42      0.01
Average:        vda15      0.00      0.00      0.00      0.00      0.00      0.00      0.00      0.00
Average:        vda16      0.00      0.00      0.00      0.00      0.00      0.00      0.00      0.00
Average:          vdb     15.69      0.00   7268.51      0.00    463.12      0.01      0.88      0.23
Average:         vdb1     15.69      0.00   7268.51      0.00    463.12      0.01      0.88      0.30
Average:          vdc      0.00      0.00      0.00      0.00      0.00      0.00      0.00      0.00

14:50:22        IFACE   rxpck/s   txpck/s    rxkB/s    txkB/s   rxcmp/s   txcmp/s  rxmcst/s   %ifutil
14:50:27           lo      0.00      0.00      0.00      0.00      0.00      0.00      0.00      0.00
14:50:27         eth0      0.20      0.00      0.01      0.00      0.00      0.00      0.00      0.00
14:50:32           lo      0.00      0.00      0.00      0.00      0.00      0.00      0.00      0.00
14:50:32         eth0      0.00      0.00      0.00      0.00      0.00      0.00      0.00      0.00
14:50:37           lo      0.00      0.00      0.00      0.00      0.00      0.00      0.00      0.00
14:50:37         eth0      0.00      0.00      0.00      0.00      0.00      0.00      0.00      0.00
14:50:42           lo      0.00      0.00      0.00      0.00      0.00      0.00      0.00      0.00
14:50:42         eth0      0.20      0.00      0.01      0.00      0.00      0.00      0.00      0.00
14:50:47           lo      0.00      0.00      0.00      0.00      0.00      0.00      0.00      0.00
14:50:47         eth0      0.00      0.00      0.00      0.00      0.00      0.00      0.00      0.00
14:50:52           lo      0.00      0.00      0.00      0.00      0.00      0.00      0.00      0.00
14:50:52         eth0      0.00      0.00      0.00      0.00      0.00      0.00      0.00      0.00
Average:           lo      0.00      0.00      0.00      0.00      0.00      0.00      0.00      0.00
Average:         eth0      0.07      0.00      0.00      0.00      0.00      0.00      0.00      0.00

14:50:22        IFACE   rxerr/s   txerr/s    coll/s  rxdrop/s  txdrop/s  txcarr/s  rxfram/s  rxfifo/s  txfifo/s
14:50:27           lo      0.00      0.00      0.00      0.00      0.00      0.00      0.00      0.00      0.00
14:50:27         eth0      0.00      0.00      0.00      0.00      0.00      0.00      0.00      0.00      0.00
14:50:32           lo      0.00      0.00      0.00      0.00      0.00      0.00      0.00      0.00      0.00
14:50:32         eth0      0.00      0.00      0.00      0.00      0.00      0.00      0.00      0.00      0.00
14:50:37           lo      0.00      0.00      0.00      0.00      0.00      0.00      0.00      0.00      0.00
14:50:37         eth0      0.00      0.00      0.00      0.00      0.00      0.00      0.00      0.00      0.00
14:50:42           lo      0.00      0.00      0.00      0.00      0.00      0.00      0.00      0.00      0.00
14:50:42         eth0      0.00      0.00      0.00      0.00      0.00      0.00      0.00      0.00      0.00
14:50:47           lo      0.00      0.00      0.00      0.00      0.00      0.00      0.00      0.00      0.00
14:50:47         eth0      0.00      0.00      0.00      0.00      0.00      0.00      0.00      0.00      0.00
14:50:52           lo      0.00      0.00      0.00      0.00      0.00      0.00      0.00      0.00      0.00
14:50:52         eth0      0.00      0.00      0.00      0.00      0.00      0.00      0.00      0.00      0.00
Average:           lo      0.00      0.00      0.00      0.00      0.00      0.00      0.00      0.00      0.00
Average:         eth0      0.00      0.00      0.00      0.00      0.00      0.00      0.00      0.00      0.00

14:50:22       call/s retrans/s    read/s   write/s  access/s  getatt/s
14:50:27         0.00      0.00      0.00      0.00      0.00      0.00
14:50:32         0.00      0.00      0.00      0.00      0.00      0.00
14:50:37         0.00      0.00      0.00      0.00      0.00      0.00
14:50:42         0.00      0.00      0.00      0.00      0.00      0.00
14:50:47         0.00      0.00      0.00      0.00      0.00      0.00
14:50:52         0.00      0.00      0.00      0.00      0.00      0.00
Average:         0.00      0.00      0.00      0.00      0.00      0.00

14:50:22      scall/s badcall/s  packet/s     udp/s     tcp/s     hit/s    miss/s   sread/s  swrite/s saccess/s sgetatt/s
14:50:27         0.00      0.00      0.00      0.00      0.00      0.00      0.00      0.00      0.00      0.00      0.00
14:50:32         0.00      0.00      0.00      0.00      0.00      0.00      0.00      0.00      0.00      0.00      0.00
14:50:37         0.00      0.00      0.00      0.00      0.00      0.00      0.00      0.00      0.00      0.00      0.00
14:50:42         0.00      0.00      0.00      0.00      0.00      0.00      0.00      0.00      0.00      0.00      0.00
14:50:47         0.00      0.00      0.00      0.00      0.00      0.00      0.00      0.00      0.00      0.00      0.00
14:50:52         0.00      0.00      0.00      0.00      0.00      0.00      0.00      0.00      0.00      0.00      0.00
Average:         0.00      0.00      0.00      0.00      0.00      0.00      0.00      0.00      0.00      0.00      0.00

14:50:22       totsck    tcpsck    udpsck    rawsck   ip-frag    tcp-tw
14:50:27            1         0         0         0         0         2
14:50:32            1         0         0         0         0         2
14:50:37            1         0         0         0         0         2
14:50:42            1         0         0         0         0         2
14:50:47            1         0         0         0         0         2
14:50:52            1         0         0         0         0         2
Average:            1         0         0         0         0         2

14:50:22       irec/s  fwddgm/s    idel/s     orq/s   asmrq/s   asmok/s  fragok/s fragcrt/s
14:50:27         0.00      0.00      0.00      0.00      0.00      0.00      0.00      0.00
14:50:32         0.00      0.00      0.00      0.00      0.00      0.00      0.00      0.00
14:50:37         0.00      0.00      0.00      0.00      0.00      0.00      0.00      0.00
14:50:42         0.00      0.00      0.00      0.00      0.00      0.00      0.00      0.00
14:50:47         0.00      0.00      0.00      0.00      0.00      0.00      0.00      0.00
14:50:52         0.00      0.00      0.00      0.00      0.00      0.00      0.00      0.00
Average:         0.00      0.00      0.00      0.00      0.00      0.00      0.00      0.00

14:50:22    ihdrerr/s iadrerr/s iukwnpr/s   idisc/s   odisc/s   onort/s    asmf/s   fragf/s
14:50:27         0.00      0.00      0.00      0.00      0.00      0.00      0.00      0.00
14:50:32         0.00      0.00      0.00      0.00      0.00      0.00      0.00      0.00
14:50:37         0.00      0.00      0.00      0.00      0.00      0.00      0.00      0.00
14:50:42         0.00      0.00      0.00      0.00      0.00      0.00      0.00      0.00
14:50:47         0.00      0.00      0.00      0.00      0.00      0.00      0.00      0.00
14:50:52         0.00      0.00      0.00      0.00      0.00      0.00      0.00      0.00
Average:         0.00      0.00      0.00      0.00      0.00      0.00      0.00      0.00

14:50:22       imsg/s    omsg/s    iech/s   iechr/s    oech/s   oechr/s     itm/s    itmr/s     otm/s    otmr/s  iadrmk/s iadrmkr/s  oadrmk/s oadrmkr/s
14:50:27         0.00      0.00      0.00      0.00      0.00      0.00      0.00      0.00      0.00      0.00      0.00      0.00      0.00      0.00
14:50:32         0.00      0.00      0.00      0.00      0.00      0.00      0.00      0.00      0.00      0.00      0.00      0.00      0.00      0.00
14:50:37         0.00      0.00      0.00      0.00      0.00      0.00      0.00      0.00      0.00      0.00      0.00      0.00      0.00      0.00
14:50:42         0.00      0.00      0.00      0.00      0.00      0.00      0.00      0.00      0.00      0.00      0.00      0.00      0.00      0.00
14:50:47         0.00      0.00      0.00      0.00      0.00      0.00      0.00      0.00      0.00      0.00      0.00      0.00      0.00      0.00
14:50:52         0.00      0.00      0.00      0.00      0.00      0.00      0.00      0.00      0.00      0.00      0.00      0.00      0.00      0.00
Average:         0.00      0.00      0.00      0.00      0.00      0.00      0.00      0.00      0.00      0.00      0.00      0.00      0.00      0.00

14:50:22       ierr/s    oerr/s idstunr/s odstunr/s   itmex/s   otmex/s iparmpb/s oparmpb/s   isrcq/s   osrcq/s  iredir/s  oredir/s
14:50:27         0.00      0.00      0.00      0.00      0.00      0.00      0.00      0.00      0.00      0.00      0.00      0.00
14:50:32         0.00      0.00      0.00      0.00      0.00      0.00      0.00      0.00      0.00      0.00      0.00      0.00
14:50:37         0.00      0.00      0.00      0.00      0.00      0.00      0.00      0.00      0.00      0.00      0.00      0.00
14:50:42         0.00      0.00      0.00      0.00      0.00      0.00      0.00      0.00      0.00      0.00      0.00      0.00
14:50:47         0.00      0.00      0.00      0.00      0.00      0.00      0.00      0.00      0.00      0.00      0.00      0.00
14:50:52         0.00      0.00      0.00      0.00      0.00      0.00      0.00      0.00      0.00      0.00      0.00      0.00
Average:         0.00      0.00      0.00      0.00      0.00      0.00      0.00      0.00      0.00      0.00      0.00      0.00

14:50:22     active/s passive/s    iseg/s    oseg/s
14:50:27         0.00      0.00      0.00      0.00
14:50:32         0.00      0.00      0.00      0.00
14:50:37         0.00      0.00      0.00      0.00
14:50:42         0.00      0.00      0.00      0.00
14:50:47         0.00      0.00      0.00      0.00
14:50:52         0.00      0.00      0.00      0.00
Average:         0.00      0.00      0.00      0.00

14:50:22     atmptf/s  estres/s retrans/s isegerr/s   orsts/s
14:50:27         0.00      0.00      0.00      0.00      0.00
14:50:32         0.00      0.00      0.00      0.00      0.00
14:50:37         0.00      0.00      0.00      0.00      0.00
14:50:42         0.00      0.00      0.00      0.00      0.00
14:50:47         0.00      0.00      0.00      0.00      0.00
14:50:52         0.00      0.00      0.00      0.00      0.00
Average:         0.00      0.00      0.00      0.00      0.00

14:50:22       idgm/s    odgm/s  noport/s idgmerr/s
14:50:27         0.00      0.00      0.00      0.00
14:50:32         0.00      0.00      0.00      0.00
14:50:37         0.00      0.00      0.00      0.00
14:50:42         0.00      0.00      0.00      0.00
14:50:47         0.00      0.00      0.00      0.00
14:50:52         0.00      0.00      0.00      0.00
Average:         0.00      0.00      0.00      0.00

14:50:22      tcp6sck   udp6sck   raw6sck  ip6-frag
14:50:27            0         0         0         0
14:50:32            0         0         0         0
14:50:37            0         0         0         0
14:50:42            0         0         0         0
14:50:47            0         0         0         0
14:50:52            0         0         0         0
Average:            0         0         0         0

14:50:22      irec6/s fwddgm6/s   idel6/s    orq6/s  asmrq6/s  asmok6/s imcpck6/s omcpck6/s fragok6/s fragcr6/s
14:50:27         0.20      0.00      0.00      0.00      0.00      0.00      0.00      0.00      0.00      0.00
14:50:32         0.00      0.00      0.00      0.00      0.00      0.00      0.00      0.00      0.00      0.00
14:50:37         0.00      0.00      0.00      0.00      0.00      0.00      0.00      0.00      0.00      0.00
14:50:42         0.20      0.00      0.00      0.00      0.00      0.00      0.00      0.00      0.00      0.00
14:50:47         0.00      0.00      0.00      0.00      0.00      0.00      0.00      0.00      0.00      0.00
14:50:52         0.00      0.00      0.00      0.00      0.00      0.00      0.00      0.00      0.00      0.00
Average:         0.07      0.00      0.00      0.00      0.00      0.00      0.00      0.00      0.00      0.00

14:50:22    ihdrer6/s iadrer6/s iukwnp6/s  i2big6/s  idisc6/s  odisc6/s  inort6/s  onort6/s   asmf6/s  fragf6/s itrpck6/s
14:50:27         0.00      0.00      0.00      0.00      0.20      0.00      0.00      0.00      0.00      0.00      0.00
14:50:32         0.00      0.00      0.00      0.00      0.00      0.00      0.00      0.00      0.00      0.00      0.00
14:50:37         0.00      0.00      0.00      0.00      0.00      0.00      0.00      0.00      0.00      0.00      0.00
14:50:42         0.00      0.00      0.00      0.00      0.20      0.00      0.00      0.00      0.00      0.00      0.00
14:50:47         0.00      0.00      0.00      0.00      0.00      0.00      0.00      0.00      0.00      0.00      0.00
14:50:52         0.00      0.00      0.00      0.00      0.00      0.00      0.00      0.00      0.00      0.00      0.00
Average:         0.00      0.00      0.00      0.00      0.07      0.00      0.00      0.00      0.00      0.00      0.00

14:50:22      imsg6/s   omsg6/s   iech6/s  iechr6/s  oechr6/s  igmbq6/s  igmbr6/s  ogmbr6/s igmbrd6/s ogmbrd6/s irtsol6/s ortsol6/s  irtad6/s inbsol6/s onbsol6/s  inbad6/s  onbad6/s
14:50:27         0.00      0.00      0.00      0.00      0.00      0.00      0.00      0.00      0.00      0.00      0.00      0.00      0.00      0.00      0.00      0.00      0.00
14:50:32         0.00      0.00      0.00      0.00      0.00      0.00      0.00      0.00      0.00      0.00      0.00      0.00      0.00      0.00      0.00      0.00      0.00
14:50:37         0.00      0.00      0.00      0.00      0.00      0.00      0.00      0.00      0.00      0.00      0.00      0.00      0.00      0.00      0.00      0.00      0.00
14:50:42         0.00      0.00      0.00      0.00      0.00      0.00      0.00      0.00      0.00      0.00      0.00      0.00      0.00      0.00      0.00      0.00      0.00
14:50:47         0.00      0.00      0.00      0.00      0.00      0.00      0.00      0.00      0.00      0.00      0.00      0.00      0.00      0.00      0.00      0.00      0.00
14:50:52         0.00      0.00      0.00      0.00      0.00      0.00      0.00      0.00      0.00      0.00      0.00      0.00      0.00      0.00      0.00      0.00      0.00
Average:         0.00      0.00      0.00      0.00      0.00      0.00      0.00      0.00      0.00      0.00      0.00      0.00      0.00      0.00      0.00      0.00      0.00

14:50:22      ierr6/s idtunr6/s odtunr6/s  itmex6/s  otmex6/s iprmpb6/s oprmpb6/s iredir6/s oredir6/s ipck2b6/s opck2b6/s
14:50:27         0.00      0.00      0.00      0.00      0.00      0.00      0.00      0.00      0.00      0.00      0.00
14:50:32         0.00      0.00      0.00      0.00      0.00      0.00      0.00      0.00      0.00      0.00      0.00
14:50:37         0.00      0.00      0.00      0.00      0.00      0.00      0.00      0.00      0.00      0.00      0.00
14:50:42         0.00      0.00      0.00      0.00      0.00      0.00      0.00      0.00      0.00      0.00      0.00
14:50:47         0.00      0.00      0.00      0.00      0.00      0.00      0.00      0.00      0.00      0.00      0.00
14:50:52         0.00      0.00      0.00      0.00      0.00      0.00      0.00      0.00      0.00      0.00      0.00
Average:         0.00      0.00      0.00      0.00      0.00      0.00      0.00      0.00      0.00      0.00      0.00

14:50:22      idgm6/s   odgm6/s noport6/s idgmer6/s
14:50:27         0.00      0.00      0.00      0.00
14:50:32         0.00      0.00      0.00      0.00
14:50:37         0.00      0.00      0.00      0.00
14:50:42         0.00      0.00      0.00      0.00
14:50:47         0.00      0.00      0.00      0.00
14:50:52         0.00      0.00      0.00      0.00
Average:         0.00      0.00      0.00      0.00

14:50:22        CPU   total/s   dropd/s squeezd/s  rx_rps/s flw_lim/s
14:50:27        all      1.20      0.00      0.00      0.00      0.00
14:50:27          0      1.00      0.00      0.00      0.00      0.00
14:50:27          1      0.20      0.00      0.00      0.00      0.00
14:50:32        all      0.00      0.00      0.00      0.00      0.00
14:50:32          0      0.00      0.00      0.00      0.00      0.00
14:50:32          1      0.00      0.00      0.00      0.00      0.00
14:50:37        all      0.00      0.00      0.00      0.00      0.00
14:50:37          0      0.00      0.00      0.00      0.00      0.00
14:50:37          1      0.00      0.00      0.00      0.00      0.00
14:50:42        all      0.80      0.00      0.00      0.00      0.00
14:50:42          0      0.60      0.00      0.00      0.00      0.00
14:50:42          1      0.20      0.00      0.00      0.00      0.00
14:50:47        all      0.00      0.00      0.00      0.00      0.00
14:50:47          0      0.00      0.00      0.00      0.00      0.00
14:50:47          1      0.00      0.00      0.00      0.00      0.00
14:50:52        all      0.00      0.00      0.00      0.00      0.00
14:50:52          0      0.00      0.00      0.00      0.00      0.00
14:50:52          1      0.00      0.00      0.00      0.00      0.00
Average:        all      0.33      0.00      0.00      0.00      0.00
Average:          0      0.27      0.00      0.00      0.00      0.00
Average:          1      0.07      0.00      0.00      0.00      0.00

14:50:22        CPU       MHz

14:50:22        BUS  idvendor    idprod  maxpower manufact                product
14:50:27          1       5ac      8105      1000 Apple Inc.              Virtual USB Keyboard
14:50:27          1       5ac      8106      1000 Apple Inc.              Virtual USB Digitizer
14:50:32          1       5ac      8105      1000 Apple Inc.              Virtual USB Keyboard
14:50:32          1       5ac      8106      1000 Apple Inc.              Virtual USB Digitizer
14:50:37          1       5ac      8105      1000 Apple Inc.              Virtual USB Keyboard
14:50:37          1       5ac      8106      1000 Apple Inc.              Virtual USB Digitizer
14:50:42          1       5ac      8105      1000 Apple Inc.              Virtual USB Keyboard
14:50:42          1       5ac      8106      1000 Apple Inc.              Virtual USB Digitizer
14:50:47          1       5ac      8105      1000 Apple Inc.              Virtual USB Keyboard
14:50:47          1       5ac      8106      1000 Apple Inc.              Virtual USB Digitizer
14:50:52          1       5ac      8105      1000 Apple Inc.              Virtual USB Keyboard
14:50:52          1       5ac      8106      1000 Apple Inc.              Virtual USB Digitizer
Summary:          1       5ac      8105      1000 Apple Inc.              Virtual USB Keyboard
Summary:          1       5ac      8106      1000 Apple Inc.              Virtual USB Digitizer

14:50:22     MBfsfree  MBfsused   %fsused  %ufsused     Ifree     Iused    %Iused FILESYSTEM
14:50:27        19628       356      1.78      6.99   1301054      9666      0.74 /dev/vdb1
14:50:32        19628       356      1.78      6.99   1301054      9666      0.74 /dev/vdb1
14:50:37        19628       356      1.78      6.99   1301054      9666      0.74 /dev/vdb1
14:50:42        19628       356      1.78      6.99   1301054      9666      0.74 /dev/vdb1
14:50:47        19628       356      1.78      6.99   1301054      9666      0.74 /dev/vdb1
14:50:52        19628       356      1.78      6.99   1301054      9666      0.74 /dev/vdb1
Summary:        19628       356      1.78      6.99   1301054      9666      0.74 /dev/vdb1

14:50:22     %scpu-10  %scpu-60 %scpu-300     %scpu
14:50:27         1.03      0.39      0.26      0.18
14:50:32         0.69      0.36      0.25      0.19
14:50:37         0.37      0.33      0.25      0.18
14:50:42         0.25      0.31      0.24      0.22
14:50:47         0.13      0.27      0.24      0.22
14:50:52         0.09      0.26      0.23      0.19
Average:         0.43      0.32      0.24      0.20

14:50:22      %sio-10   %sio-60  %sio-300      %sio   %fio-10   %fio-60  %fio-300      %fio
14:50:27         3.03      0.94      0.43      0.00      3.03      0.93      0.40      0.00
14:50:32         2.03      0.88      0.42      0.11      2.03      0.87      0.39      0.11
14:50:37         1.11      0.80      0.41      0.00      1.11      0.79      0.38      0.00
14:50:42         0.74      0.74      0.40      0.08      0.74      0.74      0.38      0.08
14:50:47         0.41      0.67      0.40      0.34      0.41      0.67      0.37      0.33
14:50:52         0.27      0.63      0.39      0.40      0.27      0.62      0.36      0.39
Average:         1.26      0.78      0.41      0.15      1.26      0.77      0.38      0.15

14:50:22     %smem-10  %smem-60 %smem-300     %smem  %fmem-10  %fmem-60 %fmem-300     %fmem
14:50:27         0.00      0.00      0.00      0.00      0.00      0.00      0.00      0.00
14:50:32         0.00      0.00      0.00      0.00      0.00      0.00      0.00      0.00
14:50:37         0.00      0.00      0.00      0.00      0.00      0.00      0.00      0.00
14:50:42         0.00      0.00      0.00      0.00      0.00      0.00      0.00      0.00
14:50:47         0.00      0.00      0.00      0.00      0.00      0.00      0.00      0.00
14:50:52         0.00      0.00      0.00      0.00      0.00      0.00      0.00      0.00
Average:         0.00      0.00      0.00      0.00      0.00      0.00      0.00      0.00
